-98.99999999999997        -98.99999999999997       -98.99999999999997       NaN
-96.99999999999997        -98.99999999999997       -98.99999999999997       NaN
-94.99999999999997        -98.99999999999997       -98.99999999999997       NaN
-92.99999999999997        -98.99999999999997       -98.99999999999997       NaN
-90.99999999999997        -98.99999999999997       -98.99999999999997       NaN
-88.99999999999997        -98.99999999999997       -98.99999999999997       NaN
-87                       -98.99999999999997       -98.99999999999997       20
-84.99999999999997        -98.99999999999997       -98.99999999999997       NaN
-82.99999999999997        -98.99999999999997       -98.99999999999997       NaN
-80.99999999999997        -98.99999999999997       -98.99999999999997       NaN
-78.99999999999997        -98.99999999999997       -98.99999999999997       NaN
-76.99999999999997        -98.99999999999997       -98.99999999999997       NaN
-74.99999999999997        -98.99999999999997       -98.99999999999997       NaN
-72.99999999999997        -98.99999999999997       -98.99999999999997       NaN
-70.99999999999999        -98.99999999999997       -98.99999999999997       NaN
-68.99999999999997        -98.99999999999997       -98.99999999999997       NaN
-66.99999999999997        -98.99999999999997       -98.99999999999997       NaN
-64.99999999999997        -98.99999999999997       -98.99999999999997       NaN
-62.999999999999986       -98.99999999999997       -98.99999999999997       NaN
-60.99999999999997        -98.99999999999997       -98.99999999999997       NaN
-59                       -98.99999999999997       -98.99999999999997       NaN